 El.Ion   E_thr     E_max      E_0    sigma_0      ya        P         yw        y0        y1
  1  0  1.360e+01 5.000e+04 4.298e-01 5.475e+04 3.288e+01 2.963e+00 0.000e+00 0.000e+00 0.000e+00
  2  0  2.459e+01 5.000e+04 1.361e+01 9.492e+02 1.469e+00 3.188e+00 2.039e+00 4.434e-01 2.136e+00
  2  1  5.442e+01 5.000e+04 1.720e+00 1.369e+04 3.288e+01 2.963e+00 0.000e+00 0.000e+00 0.000e+00
  6  0  1.126e+01 2.910e+02 2.144e+00 5.207e+02 6.216e+01 5.101e+00 9.157e-02 1.133e+00 1.607e+00
  6  1  2.438e+01 3.076e+02 4.058e-01 8.709e+00 1.261e+02 8.578e+00 2.093e+00 4.929e+01 3.234e+00
  6  2  4.789e+01 3.289e+02 4.614e+00 1.539e+04 1.737e+00 1.593e+01 5.922e+00 4.378e-03 2.528e-02
  6  3  6.449e+01 3.522e+02 3.506e+00 1.068e+02 1.436e+01 7.457e+00 0.000e+00 0.000e+00 0.000e+00
  6  4  3.921e+02 5.000e+04 4.624e+01 2.344e+02 2.183e+01 2.581e+00 0.000e+00 0.000e+00 0.000e+00
  6  5  4.900e+02 5.000e+04 1.548e+01 1.521e+03 3.288e+01 2.963e+00 0.000e+00 0.000e+00 0.000e+00
  7  0  1.453e+01 4.048e+02 4.034e+00 8.235e+02 8.033e+01 3.928e+00 9.097e-02 8.598e-01 2.325e+00
  7  1  2.960e+01 4.236e+02 6.128e-02 1.944e+00 8.163e+02 8.773e+00 1.043e+01 4.280e+02 2.030e+01
  7  2  4.745e+01 4.473e+02 2.420e-01 9.375e-01 2.788e+02 9.156e+00 1.850e+00 1.877e+02 3.999e+00
  7  3  7.747e+01 4.753e+02 5.494e+00 1.690e+04 1.714e+00 1.706e+01 7.904e+00 6.415e-03 1.937e-02
  7  4  9.789e+01 5.043e+02 4.471e+00 8.376e+01 3.297e+01 6.003e+00 0.000e+00 0.000e+00 0.000e+00
  7  5  5.521e+02 5.000e+04 6.943e+01 1.519e+02 2.627e+01 2.315e+00 0.000e+00 0.000e+00 0.000e+00
  7  6  6.671e+02 5.000e+04 2.108e+01 1.117e+03 3.288e+01 2.963e+00 0.000e+00 0.000e+00 0.000e+00
  8  0  1.362e+01 5.380e+02 1.240e+00 1.745e+03 3.784e+00 1.764e+01 7.589e-02 8.698e+00 1.271e-01
  8  1  3.512e+01 5.581e+02 1.386e+00 5.967e+01 3.175e+01 8.943e+00 1.934e-02 2.131e+01 1.503e-02
  8  2  5.494e+01 5.840e+02 1.723e-01 6.753e+02 3.852e+02 6.822e+00 1.191e-10 3.839e-03 4.569e-01
  8  3  7.741e+01 6.144e+02 2.044e-01 8.659e-01 4.931e+02 8.785e+00 3.143e+00 3.328e+02 4.285e+01
  8  4  1.139e+02 6.491e+02 2.854e+00 1.642e+04 1.792e+00 2.647e+01 2.836e+01 3.036e-02 5.554e-02
  8  5  1.381e+02 6.837e+02 7.824e+00 6.864e+01 3.210e+01 5.495e+00 0.000e+00 0.000e+00 0.000e+00
  8  6  7.393e+02 5.000e+04 8.709e+01 1.329e+02 2.535e+01 2.336e+00 0.000e+00 0.000e+00 0.000e+00
  8  7  8.714e+02 5.000e+04 2.754e+01 8.554e+02 3.288e+01 2.963e+00 0.000e+00 0.000e+00 0.000e+00
 10  0  2.156e+01 8.701e+02 4.870e+00 4.287e+03 5.798e+00 8.355e+0- 2.434e-01 4.236e-02 5.873e+00
 10  1  4.096e+01 8.831e+02 1.247e+01 1.583e+03 3.935e+00 7.810e+00 6.558e-02 1.520e+00 1.084e-01
 10  2  6.346e+01 9.131e+02 7.753e-01 5.708e+00 6.725e+01 1.005e+01 4.633e-01 7.654e+01 2.023e+00
 10  3  9.712e+01 9.480e+02 5.566e+00 1.685e+03 6.409e+02 3.056e+00 8.290e-03 5.149e+00 6.687e+00
 10  4  1.262e+02 9.873e+02 1.248e+00 2.430e+00 1.066e+02 8.999e+00 6.855e-01 9.169e+01 3.702e-01
 10  5  1.579e+02 1.031e+03 1.499e+00 9.854e-01 1.350e+02 8.836e+00 1.656e+00 1.042e+02 1.435e+00
 10  6  2.073e+02 1.078e+03 4.888e+00 1.198e+04 1.788e+00 2.550e+01 2.811e+01 2.536e-02 4.417e-02
 10  7  2.391e+02 1.125e+03 1.003e+01 5.631e+01 3.628e+01 5.585e+00 0.000e+00 0.000e+00 0.000e+00
 10  8  1.196e+03 5.000e+04 1.586e+02 6.695e+01 3.352e+01 2.002e+00 0.000e+00 0.000e+00 0.000e+00
 10  9  1.362e+03 5.000e+04 4.304e+01 5.475e+02 3.288e+01 2.963e+00 0.000e+00 0.000e+00 0.000e+00
 12  0  7.646e+00 5.490e+01 1.197e+01 1.372e+08 2.228e-01 1.574e+01 2.805e-01 0.000e+00 0.000e+00
 12  1  1.504e+01 6.569e+01 8.139e+00 3.278e+00 4.341e+07 3.610e+00 0.000e+00 0.000e+00 0.000e+00
 12  2  8.014e+01 1.317e+03 1.086e+01 5.377e+02 9.779e+00 7.117e+00 2.604e+00 4.860e+00 3.722e+00
 12  3  1.093e+02 1.356e+03 2.912e+01 1.394e+03 2.895e+00 6.487e+00 4.326e-02 9.402e-01 1.135e-01
 12  4  1.413e+02 1.400e+03 9.762e-01 1.728e+00 9.184e+01 1.006e+01 8.090e-01 1.276e+02 3.979e+00
 12  5  1.865e+02 1.449e+03 1.711e+00 2.185e+00 9.350e+01 9.202e+00 6.325e-01 1.007e+02 1.729e+00
 12  6  2.249e+02 1.501e+03 3.570e+00 3.104e+00 6.060e+01 8.857e+00 1.422e+00 5.452e+01 2.078e+00
 12  7  2.660e+02 1.558e+03 4.884e-01 6.344e-02 5.085e+02 9.385e+00 6.666e-01 5.348e+02 3.997e-03
 12  8  3.282e+02 1.618e+03 3.482e+01 9.008e+02 1.823e+00 1.444e+01 2.751e+00 5.444e+00 7.918e-02
 12  9  3.675e+02 1.675e+03 1.452e+01 4.427e+01 3.826e+01 5.460e+00 0.000e+00 0.000e+00 0.000e+00
 12 10  1.762e+03 5.000e+04 2.042e+02 6.140e+01 2.778e+01 2.161e+00 0.000e+00 0.000e+00 0.000e+00
 12 11  1.963e+03 5.000e+04 6.203e+01 3.802e+02 3.288e+01 2.963e+00 0.000e+00 0.000e+00 0.000e+00
 14  0  8.152e+00 1.060e+02 2.317e+01 2.506e+01 2.057e+01 3.546e+00 2.837e-01 1.672e-05 4.207e-01
 14  1  1.635e+01 1.186e+02 2.556e+00 4.140e+00 1.337e+01 1.191e+01 1.570e+00 6.634e+00 1.272e-01
 14  2  3.349e+01 1.311e+02 1.659e-01 5.790e-04 1.474e+02 1.336e+01 8.626e-01 9.613e+01 6.442e-01
 14  3  4.514e+01 1.466e+02 1.288e+01 6.083e+00 1.356e+06 3.353e+00 0.000e+00 0.000e+00 0.000e+00
 14  4  1.668e+02 1.887e+03 7.761e-01 8.863e-01 1.541e+02 9.980e+00 1.303e+00 2.009e+02 4.537e+00
 14  5  2.051e+02 1.946e+03 6.305e+01 7.293e+01 1.558e+02 2.400e+00 2.989e-03 1.115e+00 8.051e-02
 14  6  2.465e+02 2.001e+03 3.277e-01 6.680e-02 4.132e+01 1.606e+01 3.280e+00 1.149e-02 6.396e-01
 14  7  3.032e+02 2.058e+03 7.655e-01 3.477e-01 3.733e+02 8.986e+00 1.476e-03 3.850e+02 8.999e-02
 14  8  3.511e+02 2.125e+03 3.343e-01 1.465e-01 1.404e+03 8.503e+00 1.646e+00 1.036e+03 2.936e-01
 14  9  4.014e+02 2.194e+03 8.787e-01 1.950e-01 7.462e+02 8.302e+00 4.489e-01 4.528e+02 1.015e+00
 14 10  4.761e+02 2.268e+03 1.205e+01 1.992e+04 1.582e+00 2.425e+01 2.392e+01 1.990e-02 1.007e-02
 14 11  5.235e+02 2.336e+03 3.560e+01 2.539e+01 3.307e+01 4.728e+00 0.000e+00 0.000e+00 0.000e+00
 14 12  2.438e+03 5.000e+04 2.752e+02 4.754e+01 2.848e+01 2.135e+00 0.000e+00 0.000e+00 0.000e+00
 14 13  2.673e+03 5.000e+04 8.447e+01 2.793e+02 3.288e+01 2.963e+00 0.000e+00 0.000e+00 0.000e+00
 16  0  1.036e+01 1.700e+02 1.808e+01 4.564e+04 1.000e+00 1.361e+01 6.385e-01 9.935e-01 2.486e-01
 16  1  2.333e+01 1.846e+02 8.787e+00 3.136e+02 3.442e+00 1.281e+01 7.354e-01 2.782e+00 1.788e-01
 16  2  3.483e+01 1.995e+02 2.027e+00 6.666e+00 5.454e+01 8.611e+00 4.109e+00 1.568e+01 9.421e+00
 16  3  4.731e+01 2.164e+02 2.173e+00 2.606e+00 6.641e+01 8.655e+00 1.863e+00 1.975e+01 3.361e+00
 16  4  7.268e+01 2.350e+02 1.713e-01 5.072e-04 1.986e+02 1.307e+01 7.880e-01 9.424e+01 6.265e-01
 16  5  8.805e+01 2.557e+02 1.413e+01 9.139e+00 1.656e+03 3.626e+00 0.000e+00 0.000e+00 0.000e+00
 16  6  2.809e+02 2.569e+03 3.757e-01 5.703e-01 1.460e+02 1.135e+01 1.503e+00 2.222e+02 4.606e+00
 16  7  3.282e+02 2.641e+03 1.462e+01 3.161e+01 1.611e+01 8.642e+00 1.153e-03 1.869e+01 3.037e-01
 16  8  3.791e+02 2.705e+03 1.526e-01 9.646e+03 1.438e+03 5.977e+00 1.492e+00 1.615e-03 4.049e-01
 16  9  4.471e+02 2.782e+03 1.040e+01 5.364e+01 3.641e+01 7.090e+00 2.310e+00 1.775e+01 1.663e+00
 16 10  5.048e+02 2.859e+03 6.485e+00 1.275e+01 6.583e+01 7.692e+00 1.678e+00 3.426e+01 1.370e-01
 16 11  5.647e+02 2.941e+03 2.443e+00 3.490e-01 5.411e+02 7.769e+00 7.033e-01 2.279e+02 1.172e+00
 16 12  6.517e+02 3.029e+03 1.474e+01 2.294e+04 1.529e+00 2.568e+01 2.738e+01 2.203e-02 1.073e-02
 16 13  7.072e+02 3.107e+03 3.310e+01 2.555e+01 3.821e+01 5.037e+00 0.000e+00 0.000e+00 0.000e+00
 16 14  3.224e+03 5.000e+04 4.390e+02 2.453e+01 4.405e+01 1.765e+00 0.000e+00 0.000e+00 0.000e+00
 16 15  3.494e+03 5.004e+04 1.104e+02 2.139e+02 3.288e+01 2.963e+00 0.000e+00 0.000e+00 0.000e+00
 26  0  7.902e+00 6.600e+01 5.461e-02 3.062e-01 2.671e+07 7.923e+00 2.069e+01 1.382e+02 2.481e-01
 26  1  1.619e+01 7.617e+01 1.761e-01 4.365e+03 6.298e+03 5.204e+00 1.141e+01 9.272e+01 1.075e+02
 26  2  3.065e+01 8.705e+01 1.698e-01 6.107e+00 1.555e+03 8.055e+00 8.698e+00 1.760e+02 1.847e+01
 26  3  5.480e+01 1.067e+02 2.544e+01 3.653e+02 8.913e+00 6.538e+00 5.602e-01 0.000e+00 0.000e+00
 26  4  7.501e+01 1.288e+02 7.256e-01 1.523e-03 3.736e+01 1.767e+01 5.064e+01 8.871e+01 5.280e-02
 26  5  9.906e+01 1.527e+02 2.656e+00 5.259e-01 1.450e+01 1.632e+01 1.558e+01 3.361e+01 3.743e-03
 26  6  1.250e+02 1.783e+02 5.059e+00 2.420e+04 4.850e+04 2.374e+00 2.516e-03 4.546e-01 2.683e+01
 26  7  1.511e+02 2.055e+02 7.098e-02 1.979e+01 1.745e+04 6.750e+00 2.158e+02 2.542e+03 4.672e+02
 26  8  2.336e+02 9.211e+02 6.741e+00 2.687e+01 1.807e+02 6.290e+00 2.387e-04 2.494e+01 8.251e+00
 26  9  2.621e+02 9.590e+02 6.886e+01 6.470e+01 2.062e+01 4.111e+00 2.778e-04 1.190e-05 6.570e-03
 26 10  2.902e+02 9.983e+02 8.284e+00 3.281e+00 5.360e+01 8.571e+00 3.279e-01 2.971e+01 5.220e-01
 26 11  3.308e+02 1.039e+03 6.295e+00 1.738e+00 1.130e+02 8.037e+00 3.096e-01 4.671e+01 1.425e-01
 26 12  3.610e+02 1.081e+03 1.317e-01 2.791e-03 2.487e+03 9.791e+00 6.938e-01 2.170e+03 6.852e-03
 26 13  3.922e+02 1.125e+03 8.509e-01 1.454e-01 1.239e+03 8.066e+00 4.937e-01 4.505e+02 2.504e+00
 26 14  4.570e+02 1.181e+03 5.555e-02 2.108e+02 2.045e+04 6.033e+00 1.885e-03 2.706e-04 1.628e+00
 26 15  4.893e+02 1.216e+03 2.873e+01 1.207e+01 5.150e+02 3.846e+00 0.000e+00 0.000e+00 0.000e+00
 26 16  1.262e+03 7.651e+03 3.444e-01 1.452e+00 3.960e+02 1.013e+01 1.264e+00 2.891e+01 3.404e+00
 26 17  1.358e+03 7.769e+03 3.190e+01 2.388e+00 2.186e+01 9.589e+00 2.902e-02 3.805e+01 4.805e-01
 26 18  1.456e+03 7.918e+03 7.519e-04 6.066e-05 1.606e+06 8.813e+00 4.398e+00 1.915e+06 3.140e+01
 26 19  1.582e+03 8.041e+03 2.011e+01 4.455e-01 4.236e+01 9.724e+00 2.757e+00 6.847e+01 3.989e+01
 26 20  1.689e+03 8.184e+03 9.243e+00 1.098e+01 7.637e+01 7.962e+00 1.748e+00 4.446e+01 3.512e+00
 26 21  1.799e+03 8.350e+03 9.713e+00 7.204e-02 1.853e+02 8.843e+00 9.551e-03 1.702e+02 4.263e+00
 26 22  1.950e+03 8.484e+03 4.575e+01 2.580e+04 1.358e+00 2.604e+01 2.723e+01 3.582e-02 8.712e-03
 26 23  2.046e+03 8.638e+03 7.326e+01 1.276e+01 4.914e+01 4.941e+00 0.000e+00 0.000e+00 0.000e+00
 26 24  8.829e+03 5.000e+04 1.057e+03 1.195e+01 5.769e+01 1.718e+00 0.000e+00 0.000e+00 0.000e+00
 26 25  9.278e+03 5.000e+04 2.932e+02 8.099e+01 3.288e+01 2.963e+00 0.000e+00 0.000e+00 0.000e+00
